0 514 613 832 910 723 915 909 836 615 875 879 728 958 828 690 797 767 718 591 717 856 
514 0 709 772 567 664 823 630 559 802 504 506 716 754 783 720 953 683 929 644 829 882 
613 709 0 795 780 928 952 790 854 918 835 921 521 698 903 880 702 759 537 722 912 747 
832 772 795 0 936 931 847 687 941 685 523 907 727 677 596 641 484 539 653 787 689 572 
910 567 780 936 0 920 612 792 697 554 620 542 811 610 860 892 724 897 753 899 949 786 
723 664 928 931 920 0 940 680 632 851 906 526 855 755 545 587 515 896 534 671 815 775 
915 823 952 847 612 940 0 876 584 498 692 586 943 493 917 911 530 784 919 895 934 637 
909 630 790 687 792 680 876 0 489 650 700 751 885 693 508 646 678 968 908 888 518 731 
836 559 854 941 697 632 584 489 0 894 868 810 711 873 777 904 713 643 827 942 588 520 
615 802 918 685 554 851 498 650 894 0 926 594 938 555 782 703 502 725 548 492 960 549 
875 504 835 523 620 906 692 700 868 926 0 491 582 649 580 877 719 665 682 543 950 742 
879 506 921 907 542 526 586 751 810 594 491 0 781 583 635 603 590 529 955 509 773 511 
728 716 521 727 811 855 943 885 711 938 582 781 0 712 760 883 656 749 557 600 898 830 
958 754 698 677 610 755 493 693 873 555 649 583 712 0 853 669 825 595 561 708 946 657 
828 783 903 596 860 545 917 508 777 782 580 635 760 853 0 840 844 684 522 820 803 963 
690 720 880 641 892 587 911 646 904 703 877 603 883 669 840 0 640 707 495 925 947 490 
797 953 702 484 724 515 530 678 713 502 719 590 656 825 844 640 0 957 839 964 809 933 
767 683 759 539 897 896 784 968 643 725 665 529 749 595 684 707 957 0 601 740 528 501 
718 929 537 653 753 534 919 908 827 548 682 955 557 561 522 495 839 601 0 660 661 743 
591 644 722 787 899 671 895 888 942 492 543 509 600 708 820 925 964 740 660 0 801 849 
717 829 912 689 949 815 934 518 588 960 950 773 898 946 803 947 809 528 661 801 0 748 
856 882 747 572 786 775 637 731 520 549 742 511 830 657 963 490 933 501 743 849 748 0 